<?xml version="1.0"?>
<opencv_storage>
<cameraMatrix type_id="opencv-matrix">
  <rows>3</rows>
  <cols>3</cols>
  <dt>d</dt>
  <data>
    9.4694437433610210e+02 0. 3.7096644655752237e+02 0.
    9.3984029564865887e+02 6.3100969009938581e+02 0. 0. 1.</data></cameraMatrix>
<distCoeffs type_id="opencv-matrix">
  <rows>1</rows>
  <cols>5</cols>
  <dt>d</dt>
  <data>
    -7.6734047974462011e-03 8.1797404353071992e-02
    -3.5038616656486248e-03 -6.1183242791136485e-04
    -5.5287756385820508e-01</data></distCoeffs>
<rvec>
  <_ type_id="opencv-matrix">
    <rows>3</rows>
    <cols>1</cols>
    <dt>d</dt>
    <data>
      -9.2815675767651193e-02 -2.2667099665282470e-01
      3.1007481306510600e+00</data></_>
  <_ type_id="opencv-matrix">
    <rows>3</rows>
    <cols>1</cols>
    <dt>d</dt>
    <data>
      -3.9601868766494192e-01 -1.3066901816610144e-01
      3.0120047546367634e+00</data></_>
  <_ type_id="opencv-matrix">
    <rows>3</rows>
    <cols>1</cols>
    <dt>d</dt>
    <data>
      -5.2151101762552943e-01 1.6256743129187357e-01
      -3.0331929191566855e+00</data></_>
  <_ type_id="opencv-matrix">
    <rows>3</rows>
    <cols>1</cols>
    <dt>d</dt>
    <data>
      -7.3992937608913401e-02 -3.4916426358456232e-01
      3.1081714032618759e+00</data></_>
  <_ type_id="opencv-matrix">
    <rows>3</rows>
    <cols>1</cols>
    <dt>d</dt>
    <data>
      -2.7834264965551037e-01 -4.3448393632034449e-01
      3.0880853558886443e+00</data></_>
  <_ type_id="opencv-matrix">
    <rows>3</rows>
    <cols>1</cols>
    <dt>d</dt>
    <data>
      -5.4971826221324727e-01 2.3727514015002729e-01
      -2.9651118543030144e+00</data></_>
  <_ type_id="opencv-matrix">
    <rows>3</rows>
    <cols>1</cols>
    <dt>d</dt>
    <data>
      -3.6684574809480675e-01 1.1041418639513566e-01
      2.9767447467914199e+00</data></_>
  <_ type_id="opencv-matrix">
    <rows>3</rows>
    <cols>1</cols>
    <dt>d</dt>
    <data>
      -4.4701909910197690e-01 1.3508691877132237e-01
      2.9513140173245271e+00</data></_>
  <_ type_id="opencv-matrix">
    <rows>3</rows>
    <cols>1</cols>
    <dt>d</dt>
    <data>
      -5.6312046485758049e-01 1.0866397693276132e-01
      -3.0127614315937818e+00</data></_>
  <_ type_id="opencv-matrix">
    <rows>3</rows>
    <cols>1</cols>
    <dt>d</dt>
    <data>
      -4.8632291055837251e-01 1.4706038331435484e-01
      -3.0028436778389271e+00</data></_></rvec>
<tvec>
  <_ type_id="opencv-matrix">
    <rows>3</rows>
    <cols>1</cols>
    <dt>d</dt>
    <data>
      7.6765011481161949e+01 1.1595163166252620e+02
      4.1906351873933619e+02</data></_>
  <_ type_id="opencv-matrix">
    <rows>3</rows>
    <cols>1</cols>
    <dt>d</dt>
    <data>
      7.9981685381249576e+01 1.1517500101284534e+02
      4.3766575355295748e+02</data></_>
  <_ type_id="opencv-matrix">
    <rows>3</rows>
    <cols>1</cols>
    <dt>d</dt>
    <data>
      6.0024013348455895e+01 1.2454508845333069e+02
      4.0521862810743755e+02</data></_>
  <_ type_id="opencv-matrix">
    <rows>3</rows>
    <cols>1</cols>
    <dt>d</dt>
    <data>
      6.4826014294387249e+01 6.2607702389840576e+01
      4.4110176179405369e+02</data></_>
  <_ type_id="opencv-matrix">
    <rows>3</rows>
    <cols>1</cols>
    <dt>d</dt>
    <data>
      7.2027388818482024e+01 7.3565632552456099e+00
      4.4624065607214914e+02</data></_>
  <_ type_id="opencv-matrix">
    <rows>3</rows>
    <cols>1</cols>
    <dt>d</dt>
    <data>
      7.3540324810448922e+01 2.0502721624306835e+02
      4.8078108985037159e+02</data></_>
  <_ type_id="opencv-matrix">
    <rows>3</rows>
    <cols>1</cols>
    <dt>d</dt>
    <data>
      1.8609893990510024e+01 2.1700745539267896e+02
      5.7391114088265840e+02</data></_>
  <_ type_id="opencv-matrix">
    <rows>3</rows>
    <cols>1</cols>
    <dt>d</dt>
    <data>
      7.5639284753517359e+01 1.8170822566824299e+02
      5.4641060044683343e+02</data></_>
  <_ type_id="opencv-matrix">
    <rows>3</rows>
    <cols>1</cols>
    <dt>d</dt>
    <data>
      2.3315920349812302e+01 1.5671288835406736e+02
      4.8145349169398378e+02</data></_>
  <_ type_id="opencv-matrix">
    <rows>3</rows>
    <cols>1</cols>
    <dt>d</dt>
    <data>
      7.3024446954722904e+01 1.2309623361521867e+02
      4.6583913579353998e+02</data></_></tvec>
</opencv_storage>
